P=4;
R=4.98;
L=5.05E-3;
J=15.17E-6;
B=1E-6;
Ke=56.23E-6;
Tm=0.1;
V=30;
w=1;

Va=30;
Vb=0;
Vc=0;